market,link,price,name,date,datetime,stock
torecolo,/shop/g/g045-070-S1A-B/,33,【ポケカ】Ｕ◇ガメノ,2023-01-02,2023-01-02 06:44:03,9
