market,link,price,name,date,datetime,stock
hareruya2,https://www.hareruya2.com/product/18346,50,ドロバンコ(C){闘,2022-12-25,2022-12-25 08:17:07,16
