market,link,price,name,date,datetime,stock
hareruya2,https://www.hareruya2.com/product/17777,50,アイアント(C){鋼,2022-12-05,2022-12-05 06:53:00,0
