market,link,price,name,date,datetime,stock
cardrush,https://www.cardrush-pokemon.jp/product/6956,80,ヤミラミV036/0,2022-12-27,2022-12-27 06:27:03,66
cardrush,https://www.cardrush-pokemon.jp/product/29711,70,ヤミラミV036/0,2022-12-27,2022-12-27 06:27:03,9
cardrush,https://www.cardrush-pokemon.jp/product/34205,30,ヤミラミV036/0,2022-12-27,2022-12-27 06:27:03,0
cardrush,https://www.cardrush-pokemon.jp/product/11842,50,ヤミラミV036/0,2022-12-27,2022-12-27 06:27:03,0
