market,link,price,name,date,datetime,stock
torecolo,/shop/g/g039-060-S1W-B/,14,【ポケカ】Ｕ◇フォク,2022-12-07,2022-12-07 06:16:40,4
