market,link,price,name,date,datetime,stock
cardrush,https://www.cardrush-pokemon.jp/product/7821,30,アブソル001/02,2022-11-11,2022-11-11 07:13:27,2
