market,link,price,name,date,datetime,stock
torecolo,/shop/g/g060-096-S2-B/,61,【ポケカ】Ｒ◇セキタ,2022-11-24,2022-11-24 06:48:16,10
