market,link,price,name,date,datetime,stock
torecolo,/shop/g/g096-096-S2-B/,165,【ポケカ】Ｕ◇キャプ,2022-12-07,2022-12-07 07:02:29,0
