market,link,price,name,date,datetime,stock
torecolo,/shop/g/g068-076-S3A-B/,77,【ポケカ】Ｕ◇英雄の,2022-11-22,2022-11-22 07:55:52,13
