market,link,price,name,date,datetime,stock
cardrush,https://www.cardrush-pokemon.jp/product/7436,30,アメモース007/0,2022-11-11,2022-11-11 06:44:52,68
