market,link,price,name,date,datetime,stock
hareruya2,https://www.hareruya2.com/product/17565,800,イエッサンV(SR),2022-11-25,2022-11-25 06:28:23,0
