market,link,price,name,date,datetime,stock
torecolo,/shop/g/g051-070-S2A-B/,33,【ポケカ】Ｃ◇ココド,2022-11-20,2022-11-20 07:08:19,22
