market,link,price,name,date,datetime,stock
torecolo,/shop/g/g017-023-SA-BM/,330,【ポケカ】ＳＳ）ミラ,2022-11-10,2022-11-10 06:05:56,0
torecolo,/shop/g/g017-023-SA-B/,88,【ポケカ】ＳＳ）通常,2022-11-10,2022-11-10 06:05:56,0
torecolo,/shop/g/g017-023-SA-R/,88,【ポケカ】ＳＳ）通常,2022-11-10,2022-11-10 06:05:56,0
torecolo,/shop/g/g017-023-SA-RM/,88,【ポケカ】ＳＳ）ミラ,2022-11-10,2022-11-10 06:05:56,10
