market,link,price,name,date,datetime,stock
cardrush,https://www.cardrush-pokemon.jp/product/6737,80,ポケモンいれかえ01,2022-11-27,2022-11-27 06:05:09,6
cardrush,https://www.cardrush-pokemon.jp/product/6695,80,ポケモンいれかえ01,2022-11-27,2022-11-27 06:05:09,2
cardrush,https://www.cardrush-pokemon.jp/product/9260,50,ポケモンいれかえ01,2022-11-27,2022-11-27 06:05:09,0
cardrush,https://www.cardrush-pokemon.jp/product/15833,30,ポケモンいれかえ01,2022-11-27,2022-11-27 06:05:09,0
