market,link,price,name,date,datetime,stock
hareruya2,https://www.hareruya2.com/product/17433,50,バチンキー(U){草,2022-11-22,2022-11-22 06:14:10,0
