market,link,price,name,date,datetime,stock
torecolo,/shop/g/g013-060-S1H-B/,24,【ポケカ】Ｃ◇カムカ,2022-12-06,2022-12-06 07:35:12,22
