market,link,price,name,date,datetime,stock
cardrush,https://www.cardrush-pokemon.jp/product/7838,120,ソニア018/020,2022-11-17,2022-11-17 07:23:15,40
cardrush,https://www.cardrush-pokemon.jp/product/30039,110,ソニア018/020,2022-11-17,2022-11-17 07:23:15,1
cardrush,https://www.cardrush-pokemon.jp/product/10951,50,ソニア018/020,2022-11-17,2022-11-17 07:23:15,0
