market,link,price,name,date,datetime,stock
cardrush,https://www.cardrush-pokemon.jp/product/14541,30,ゴニョニョ087/1,2023-01-11,2023-01-11 08:18:04,8
