market,link,price,name,date,datetime,stock
torecolo,/shop/g/g014-023-SA-R/,77,【ポケカ】ＳＳ）通常,2022-12-14,2022-12-14 06:07:15,1
torecolo,/shop/g/g014-023-SA-GM/,66,【ポケカ】ＳＳ）ミラ,2022-12-14,2022-12-14 06:07:15,0
torecolo,/shop/g/g014-023-SA-RM/,39,【ポケカ】ＳＳ）ミラ,2022-12-14,2022-12-14 06:07:15,6
torecolo,/shop/g/g014-023-SA-G/,28,【ポケカ】ＳＳ）通常,2022-12-14,2022-12-14 06:07:15,4
