market,link,price,name,date,datetime,stock
torecolo,/shop/g/g259-190-S4A-B/,275,【ポケカ】Ｓ◇ドラメ,2022-12-20,2022-12-20 09:04:01,10
