market,link,price,name,date,datetime,stock
hareruya2,https://www.hareruya2.com/product/18356,50,ワルビル(C){悪},2022-12-28,2022-12-28 08:21:05,14
