market,link,price,name,date,datetime,stock
hareruya2,https://www.hareruya2.com/product/18052,900,ハッサムV(SR){,2022-12-25,2022-12-25 07:36:59,0
