market,link,price,name,date,datetime,stock
cardrush,https://www.cardrush-pokemon.jp/product/13921,880,ハッサムV107/1,2022-11-25,2022-11-25 07:26:49,10
cardrush,https://www.cardrush-pokemon.jp/product/30169,730,ハッサムV107/1,2022-11-25,2022-11-25 07:26:49,10
cardrush,https://www.cardrush-pokemon.jp/product/14994,580,ハッサムV107/1,2022-11-25,2022-11-25 07:26:49,2
cardrush,https://www.cardrush-pokemon.jp/product/15692,380,ハッサムV107/1,2022-11-25,2022-11-25 07:26:49,0
