market,link,price,name,date,datetime,stock
torecolo,/shop/g/g055-100-S3-B/,33,【ポケカ】Ｃ◇ガラル,2023-01-07,2023-01-07 07:32:05,13
