market,link,price,name,date,datetime,stock
torecolo,/shop/g/g055-100-S3-B/,33,【ポケカ】Ｃ◇ガラル,2023-01-02,2023-01-02 07:27:36,13
