market,link,price,name,date,datetime,stock
hareruya2,https://www.hareruya2.com/product/17838,50,ホップ(D){サポー,2022-11-20,2022-11-20 07:18:17,36
