market,link,price,name,date,datetime,stock
torecolo,/shop/g/g198-190-S4A-B/,46200,【ポケカ】ＳＲ◇マリ,2023-01-11,2023-01-11 08:52:44,0
