market,link,price,name,date,datetime,stock
torecolo,/shop/g/g266-190-S4A-B/,275,【ポケカ】Ｓ◇タンド,2022-11-30,2022-11-30 08:54:34,0
