market,link,price,name,date,datetime,stock
torecolo,/shop/g/g213-190-S4A-B/,275,【ポケカ】Ｓ◇タルッ,2022-11-24,2022-11-24 09:15:42,4
