market,link,price,name,date,datetime,stock
torecolo,/shop/g/g040-100-S4-B/,2,【ポケカ】Ｕ◇シビル,2022-12-26,2022-12-26 08:15:06,16
