market,link,price,name,date,datetime,stock
cardrush,https://www.cardrush-pokemon.jp/product/14517,30,タタッコ063/10,2022-11-14,2022-11-14 08:08:25,27
