market,link,price,name,date,datetime,stock
cardrush,https://www.cardrush-pokemon.jp/product/14160,30,ヘラクロス005/1,2022-12-19,2022-12-19 07:37:25,3
