market,link,price,name,date,datetime,stock
hareruya2,https://www.hareruya2.com/product/17455,50,ポットデス(U){超,2022-12-27,2022-12-27 06:16:41,0
