market,link,price,name,date,datetime,stock
magi,/items/1613324077,150,ナツメの暗示【-】{,2023-01-01,2023-01-01 07:51:21,1
