market,link,price,name,date,datetime,stock
cardrush,https://www.cardrush-pokemon.jp/product/14589,680,イオルブV101/1,2022-11-07,2022-11-07 10:24:47,10
cardrush,https://www.cardrush-pokemon.jp/product/30415,580,イオルブV101/1,2022-11-07,2022-11-07 10:24:47,0
cardrush,https://www.cardrush-pokemon.jp/product/15630,280,イオルブV101/1,2022-11-07,2022-11-07 10:24:47,0
cardrush,https://www.cardrush-pokemon.jp/product/15037,380,イオルブV101/1,2022-11-07,2022-11-07 10:24:47,0
