market,link,price,name,date,datetime,stock
hareruya2,https://www.hareruya2.com/product/17933,1800,サーナイトV(SR),2022-12-27,2022-12-27 07:15:00,1
