market,link,price,name,date,datetime,stock
torecolo,/shop/g/g001-100-S3-B/,99,【ポケカ】Ｃ◇パラス,2022-11-28,2022-11-28 07:17:39,7
