market,link,price,name,date,datetime,stock
hareruya2,https://www.hareruya2.com/product/17936,1300,カブ(SR){サポー,2023-01-10,2023-01-10 07:13:55,0
