market,link,price,name,date,datetime,stock
torecolo,/shop/g/g067-070-S2A-B/,110,【ポケカ】Ｕ◇カブ,2022-12-18,2022-12-18 07:15:14,11
