market,link,price,name,date,datetime,stock
hareruya2,https://www.hareruya2.com/product/17663,100,サダイジャV(RR),2022-12-07,2022-12-07 06:43:49,28
