market,link,price,name,date,datetime,stock
hareruya2,https://www.hareruya2.com/product/17663,100,サダイジャV(RR),2023-01-09,2023-01-09 06:43:22,29
