market,link,price,name,date,datetime,stock
hareruya2,https://www.hareruya2.com/product/17801,900,キュウコンV(SR),2022-11-05,2022-11-05 14:01:26,3
