market,link,price,name,date,datetime,stock
hareruya2,https://www.hareruya2.com/product/18697,150,ジュラルドン(S){,2022-12-24,2022-12-24 09:02:04,46
