market,link,price,name,date,datetime,stock
hareruya2,https://www.hareruya2.com/product/17177,100,スーパーボール:ミラ,2022-11-27,2022-11-27 06:12:12,1
hareruya2,https://www.hareruya2.com/product/17153,50,スーパーボール:雷(,2022-11-27,2022-11-27 06:12:12,0
hareruya2,https://www.hareruya2.com/product/17204,50,スーパーボール:闘(,2022-11-27,2022-11-27 06:12:12,0
hareruya2,https://www.hareruya2.com/product/17228,100,スーパーボール:ミラ,2022-11-27,2022-11-27 06:12:12,0
