market,link,price,name,date,datetime,stock
cardrush,https://www.cardrush-pokemon.jp/product/13161,30,ココガラ060/07,2022-11-26,2022-11-26 07:13:28,41
