market,link,price,name,date,datetime,stock
cardrush,https://www.cardrush-pokemon.jp/product/7429,30,ストライク001/0,2022-12-14,2022-12-14 06:48:10,0
