market,link,price,name,date,datetime,stock
hareruya2,https://www.hareruya2.com/product/18484,50,ミブリム(CP){超,2023-01-11,2023-01-11 08:35:41,16
hareruya2,https://www.hareruya2.com/product/18778,100,ミブリム:ミラー(C,2023-01-11,2023-01-11 08:35:41,28
