market,link,price,name,date,datetime,stock
torecolo,/shop/g/g068-127-SD-B/,55,【ポケカ】ＳＳ◇メル,2022-11-22,2022-11-22 07:38:08,13
