market,link,price,name,date,datetime,stock
torecolo,/shop/g/g043-190-S4A-BM/,33,【ポケカ】Ｃ）ミラー,2022-12-15,2022-12-15 08:26:32,3
torecolo,/shop/g/g043-190-S4A-B/,11,【ポケカ】Ｃ）通常仕,2022-12-15,2022-12-15 08:26:32,18
