market,link,price,name,date,datetime,stock
torecolo,/shop/g/g094-100-S3-B/,132,【ポケカ】Ｕ◇とりつ,2022-12-29,2022-12-29 07:33:02,0
