market,link,price,name,date,datetime,stock
cardrush,https://www.cardrush-pokemon.jp/product/13144,30,ソルロック043/0,2022-12-28,2022-12-28 07:11:23,26
