market,link,price,name,date,datetime,stock
cardrush,https://www.cardrush-pokemon.jp/product/13306,180,ハッサムVMAX06,2022-11-12,2022-11-12 07:25:15,0
cardrush,https://www.cardrush-pokemon.jp/product/30136,150,ハッサムVMAX06,2022-11-12,2022-11-12 07:25:15,0
cardrush,https://www.cardrush-pokemon.jp/product/14996,80,ハッサムVMAX06,2022-11-12,2022-11-12 07:25:15,0
