market,link,price,name,date,datetime,stock
cardrush,https://www.cardrush-pokemon.jp/product/13164,80,妖しいカンヅメ063,2022-12-16,2022-12-16 07:11:49,43
cardrush,https://www.cardrush-pokemon.jp/product/30076,70,妖しいカンヅメ063,2022-12-16,2022-12-16 07:11:49,16
cardrush,https://www.cardrush-pokemon.jp/product/24213,50,妖しいカンヅメ063,2022-12-16,2022-12-16 07:11:49,0
