market,link,price,name,date,datetime,stock
torecolo,/shop/g/g066-076-S3A-B/,77,【ポケカ】Ｕ◇ポケモ,2022-11-12,2022-11-12 07:58:19,0
