market,link,price,name,date,datetime,stock
magi,/items/1347201139,100,エール団のおうえんタ,2022-12-15,2022-12-15 08:41:57,1
magi,/items/1764675094,100,エール団のおうえんタ,2022-12-15,2022-12-15 08:41:57,1
magi,/items/1289194418,100,エール団のおうえんタ,2022-12-15,2022-12-15 08:41:57,1
magi,/items/1795683684,50,エール団のおうえんタ,2022-12-15,2022-12-15 08:41:57,4
magi,/items/80216056,100,エール団のおうえんタ,2022-12-15,2022-12-15 08:41:57,1
magi,/items/424572655,100,エール団のおうえんタ,2022-12-15,2022-12-15 08:41:57,1
magi,/items/908407193,100,エール団のおうえんタ,2022-12-15,2022-12-15 08:41:57,1
magi,/items/750581513,100,エール団のおうえんタ,2022-12-15,2022-12-15 08:41:57,1
magi,/items/1002365464,100,エール団のおうえんタ,2022-12-15,2022-12-15 08:41:57,1
magi,/items/716777769,100,エール団のおうえんタ,2022-12-15,2022-12-15 08:41:57,1
magi,/items/322573416,100,エール団のおうえんタ,2022-12-15,2022-12-15 08:41:57,1
magi,/items/520470377,100,エール団のおうえんタ,2022-12-15,2022-12-15 08:41:57,1
magi,/items/1892129828,100,エール団のおうえんタ,2022-12-15,2022-12-15 08:41:57,1
magi,/items/74974495,100,エール団のおうえんタ,2022-12-15,2022-12-15 08:41:57,1
magi,/items/399786972,100,エール団のおうえんタ,2022-12-15,2022-12-15 08:41:57,1
magi,/items/559651192,100,エール団のおうえんタ,2022-12-15,2022-12-15 08:41:57,1
magi,/items/1820759693,100,エール団のおうえんタ,2022-12-15,2022-12-15 08:41:57,1
magi,/items/496388007,100,エール団のおうえんタ,2022-12-15,2022-12-15 08:41:57,1
magi,/items/251922643,100,エール団のおうえんタ,2022-12-15,2022-12-15 08:41:57,1
magi,/items/228752581,100,エール団のおうえんタ,2022-12-15,2022-12-15 08:41:57,1
magi,/items/509019587,100,エール団のおうえんタ,2022-12-15,2022-12-15 08:41:57,1
magi,/items/1288421063,100,エール団のおうえんタ,2022-12-15,2022-12-15 08:41:57,1
magi,/items/580897192,100,エール団のおうえんタ,2022-12-15,2022-12-15 08:41:57,1
magi,/items/2078070256,100,エール団のおうえんタ,2022-12-15,2022-12-15 08:41:57,1
magi,/items/1982734266,100,エール団のおうえんタ,2022-12-15,2022-12-15 08:41:57,1
magi,/items/9547415,100,エール団のおうえんタ,2022-12-15,2022-12-15 08:41:57,1
magi,/items/1291140831,100,エール団のおうえんタ,2022-12-15,2022-12-15 08:41:57,1
magi,/items/2113736516,100,エール団のおうえんタ,2022-12-15,2022-12-15 08:41:57,1
magi,/items/1421987811,100,エール団のおうえんタ,2022-12-15,2022-12-15 08:41:57,1
magi,/items/979558657,100,エール団のおうえんタ,2022-12-15,2022-12-15 08:41:57,1
magi,/items/2020523399,100,エール団のおうえんタ,2022-12-15,2022-12-15 08:41:57,1
magi,/items/1750663207,100,エール団のおうえんタ,2022-12-15,2022-12-15 08:41:57,1
magi,/items/1095902220,100,エール団のおうえんタ,2022-12-15,2022-12-15 08:41:57,1
magi,/items/1951161879,100,エール団のおうえんタ,2022-12-15,2022-12-15 08:41:57,1
magi,/items/657229206,100,エール団のおうえんタ,2022-12-15,2022-12-15 08:41:57,1
magi,/items/1961579484,100,エール団のおうえんタ,2022-12-15,2022-12-15 08:41:57,1
magi,/items/1063808158,100,エール団のおうえんタ,2022-12-15,2022-12-15 08:41:57,1
magi,/items/1510545387,100,エール団のおうえんタ,2022-12-15,2022-12-15 08:41:57,1
magi,/items/916447492,100,エール団のおうえんタ,2022-12-15,2022-12-15 08:41:57,1
magi,/items/1829131221,100,エール団のおうえんタ,2022-12-15,2022-12-15 08:41:57,1
magi,/items/686453231,160,エール団のおうえんタ,2022-12-15,2022-12-15 08:41:57,1
magi,/items/831843034,150,エール団のおうえんタ,2022-12-15,2022-12-15 08:41:57,1
magi,/items/195157614,280,エール団のおうえんタ,2022-12-15,2022-12-15 08:41:57,1
magi,/items/898370790,70,1枚70円 エール団,2022-12-15,2022-12-15 08:41:57,1
