market,link,price,name,date,datetime,stock
cardrush,https://www.cardrush-pokemon.jp/product/14189,30,エレザード034/1,2022-11-28,2022-11-28 07:38:40,0
