market,link,price,name,date,datetime,stock
torecolo,/shop/g/g136-190-S4A-B/,33,【ポケカ】Ｒ◇ザシア,2022-11-29,2022-11-29 08:53:53,1
