market,link,price,name,date,datetime,stock
cardrush,https://www.cardrush-pokemon.jp/product/13116,30,ファイアロー015/,2023-01-05,2023-01-05 07:05:37,17
