market,link,price,name,date,datetime,stock
cardrush,https://www.cardrush-pokemon.jp/product/17367,380,マルヤクデ218/1,2022-12-16,2022-12-16 08:46:44,39
cardrush,https://www.cardrush-pokemon.jp/product/30807,330,マルヤクデ218/1,2022-12-16,2022-12-16 08:46:44,0
cardrush,https://www.cardrush-pokemon.jp/product/17546,180,マルヤクデ218/1,2022-12-16,2022-12-16 08:46:44,0
