market,link,price,name,date,datetime,stock
torecolo,/shop/g/g086-190-S4A-B/,33,【ポケカ】Ｃ）通常仕,2022-12-05,2022-12-05 08:26:43,18
torecolo,/shop/g/g086-190-S4A-BM/,33,【ポケカ】Ｃ）ミラー,2022-12-05,2022-12-05 08:26:43,1
