market,link,price,name,date,datetime,stock
cardrush,https://www.cardrush-pokemon.jp/product/6942,50,ガラルギャロップ02,2022-12-27,2022-12-27 06:25:43,16
