market,link,price,name,date,datetime,stock
cardrush,https://www.cardrush-pokemon.jp/product/14097,80,ケララッパ062/0,2022-12-03,2022-12-03 07:57:33,128
