market,link,price,name,date,datetime,stock
cardrush,https://www.cardrush-pokemon.jp/product/14553,80,ウォッシュ水エネルギ,2022-12-24,2022-12-24 08:22:01,274
