market,link,price,name,date,datetime,stock
cardrush,https://www.cardrush-pokemon.jp/product/7517,280,のろいのスコップ08,2022-12-27,2022-12-27 07:01:31,2
cardrush,https://www.cardrush-pokemon.jp/product/29914,250,のろいのスコップ08,2022-12-27,2022-12-27 07:01:31,0
cardrush,https://www.cardrush-pokemon.jp/product/34089,120,のろいのスコップ08,2022-12-27,2022-12-27 07:01:31,0
