market,link,price,name,date,datetime,stock
cardrush,https://www.cardrush-pokemon.jp/product/6927,30,ヒバニー007/06,2022-11-20,2022-11-20 06:24:39,89
