market,link,price,name,date,datetime,stock
torecolo,/shop/g/g010-070-S1A-B/,33,【ポケカ】Ｃ◇カジッ,2022-11-16,2022-11-16 06:36:06,16
