market,link,price,name,date,datetime,stock
torecolo,/shop/g/g022-023-SA-GM/,66,【ポケカ】ＳＳ）ミラ,2022-11-25,2022-11-25 06:05:32,0
torecolo,/shop/g/g022-023-SA-RM/,66,【ポケカ】ＳＳ）ミラ,2022-11-25,2022-11-25 06:05:32,0
torecolo,/shop/g/g022-023-SA-BM/,55,【ポケカ】ＳＳ）ミラ,2022-11-25,2022-11-25 06:05:32,10
torecolo,/shop/g/g022-023-SA-G/,55,【ポケカ】ＳＳ）通常,2022-11-25,2022-11-25 06:05:32,25
torecolo,/shop/g/g022-023-SA-R/,55,【ポケカ】ＳＳ）通常,2022-11-25,2022-11-25 06:05:32,16
torecolo,/shop/g/g022-023-SA-B/,28,【ポケカ】ＳＳ）通常,2022-11-25,2022-11-25 06:05:32,18
