market,link,price,name,date,datetime,stock
torecolo,/shop/g/g010-060-S1H-B/,33,【ポケカ】Ｃ◇トサキ,2023-01-04,2023-01-04 06:24:38,16
