market,link,price,name,date,datetime,stock
hareruya2,https://www.hareruya2.com/product/17460,50,オトスパス(U){闘,2022-12-02,2022-12-02 06:17:52,18
