market,link,price,name,date,datetime,stock
cardrush,https://www.cardrush-pokemon.jp/product/14257,420,大きなおまもり102,2022-11-24,2022-11-24 07:44:08,41
cardrush,https://www.cardrush-pokemon.jp/product/30299,390,大きなおまもり102,2022-11-24,2022-11-24 07:44:08,3
cardrush,https://www.cardrush-pokemon.jp/product/20250,120,大きなおまもり102,2022-11-24,2022-11-24 07:44:08,0
cardrush,https://www.cardrush-pokemon.jp/product/19259,280,大きなおまもり102,2022-11-24,2022-11-24 07:44:08,0
