market,link,price,name,date,datetime,stock
torecolo,/shop/g/g072-060-S1W-B/,990,【ポケカ】ＨＲ◇ビー,2022-12-28,2022-12-28 06:22:04,3
