market,link,price,name,date,datetime,stock
cardrush,https://www.cardrush-pokemon.jp/product/13299,30,カラマネロ060/1,2022-11-25,2022-11-25 07:22:04,8
