market,link,price,name,date,datetime,stock
hareruya2,https://www.hareruya2.com/product/18100,250,ポケモンセンターのお,2022-12-15,2022-12-15 07:46:29,0
