market,link,price,name,date,datetime,stock
hareruya2,https://www.hareruya2.com/product/17906,50,ベトベトン(U){悪,2022-11-21,2022-11-21 07:05:46,8
