market,link,price,name,date,datetime,stock
torecolo,/shop/g/g024-096-S2-B/,33,【ポケカ】Ｃ◇ガマガ,2022-12-08,2022-12-08 06:53:13,11
