market,link,price,name,date,datetime,stock
torecolo,/shop/g/g060-127-SD-B/,33,【ポケカ】ＳＳ◇ベト,2022-12-21,2022-12-21 07:45:42,1
