market,link,price,name,date,datetime,stock
cardrush,https://www.cardrush-pokemon.jp/product/36847,10800,オリーヴ105/09,2022-12-31,2022-12-31 07:02:13,0
cardrush,https://www.cardrush-pokemon.jp/product/7551,3580,オリーヴ105/09,2022-12-31,2022-12-31 07:02:13,0
cardrush,https://www.cardrush-pokemon.jp/product/29931,2880,オリーヴ105/09,2022-12-31,2022-12-31 07:02:13,0
cardrush,https://www.cardrush-pokemon.jp/product/15639,1480,オリーヴ105/09,2022-12-31,2022-12-31 07:02:13,0
cardrush,https://www.cardrush-pokemon.jp/product/8672,2380,オリーヴ105/09,2022-12-31,2022-12-31 07:02:13,0
