market,link,price,name,date,datetime,stock
torecolo,/shop/g/g026-070-S2A-B/,33,【ポケカ】Ｃ◇エレズ,2022-11-25,2022-11-25 07:01:34,11
