market,link,price,name,date,datetime,stock
cardrush,https://www.cardrush-pokemon.jp/product/14221,30,オーロンゲ066/1,2022-11-08,2022-11-08 07:36:03,17
