market,link,price,name,date,datetime,stock
torecolo,/shop/g/g044-076-S3A-B/,440,【ポケカ】Ａ◇ザマゼ,2022-12-22,2022-12-22 08:05:16,4
