market,link,price,name,date,datetime,stock
hareruya2,https://www.hareruya2.com/product/17658,100,ドラパルト(R){超,2022-12-20,2022-12-20 06:47:06,1
