market,link,price,name,date,datetime,stock
torecolo,/shop/g/g029-060-S1H-B/,28,【ポケカ】Ｕ◇サイド,2022-12-11,2022-12-11 06:25:21,21
