market,link,price,name,date,datetime,stock
cardrush,https://www.cardrush-pokemon.jp/product/6949,30,サイドン029/06,2022-12-24,2022-12-24 06:26:11,67
