market,link,price,name,date,datetime,stock
cardrush,https://www.cardrush-pokemon.jp/product/30857,330,セキタンザン268/,2022-11-30,2022-11-30 08:54:51,4
cardrush,https://www.cardrush-pokemon.jp/product/17417,380,セキタンザン268/,2022-11-30,2022-11-30 08:54:51,21
cardrush,https://www.cardrush-pokemon.jp/product/17583,180,セキタンザン268/,2022-11-30,2022-11-30 08:54:51,0
cardrush,https://www.cardrush-pokemon.jp/product/19400,120,セキタンザン268/,2022-11-30,2022-11-30 08:54:51,0
