market,link,price,name,date,datetime,stock
torecolo,/shop/g/g011-096-S2-B/,24,【ポケカ】Ｃ◇カジッ,2022-11-29,2022-11-29 06:45:47,16
