market,link,price,name,date,datetime,stock
torecolo,/shop/g/g053-100-S4-B/,33,【ポケカ】Ｃ◇ワンリ,2022-11-04,2022-11-04 15:16:11,9
