market,link,price,name,date,datetime,stock
cardrush,https://www.cardrush-pokemon.jp/product/13284,50,ビブラーバ045/1,2022-12-02,2022-12-02 07:28:23,44
