market,link,price,name,date,datetime,stock
torecolo,/shop/g/g012-070-S2A-B/,33,【ポケカ】Ｃ◇メラル,2023-01-05,2023-01-05 07:05:12,20
