market,link,price,name,date,datetime,stock
cardrush,https://www.cardrush-pokemon.jp/product/6792,50,イシヘンジン011/,2022-11-14,2022-11-14 06:11:54,41
