market,link,price,name,date,datetime,stock
cardrush,https://www.cardrush-pokemon.jp/product/6792,50,イシヘンジン011/,2022-12-13,2022-12-13 06:12:10,41
