market,link,price,name,date,datetime,stock
cardrush,https://www.cardrush-pokemon.jp/product/7326,30,ガラルカモネギ042,2022-12-14,2022-12-14 06:43:05,9
