market,link,price,name,date,datetime,stock
hareruya2,https://www.hareruya2.com/product/18288,50,ダーテング(U){草,2022-11-05,2022-11-05 15:23:01,0
