market,link,price,name,date,datetime,stock
hareruya2,https://www.hareruya2.com/product/18426,50,ヒードラン(CP){,2022-11-12,2022-11-12 08:22:22,85
