market,link,price,name,date,datetime,stock
torecolo,/shop/g/g215-190-S4A-B/,275,【ポケカ】Ｓ◇ラビフ,2022-11-15,2022-11-15 08:53:56,9
