market,link,price,name,date,datetime,stock
hareruya2,https://www.hareruya2.com/product/18353,50,ヤミラミ(C){悪},2022-12-16,2022-12-16 08:13:10,15
