market,link,price,name,date,datetime,stock
cardrush,https://www.cardrush-pokemon.jp/product/14224,30,メルメタル069/1,2022-12-05,2022-12-05 07:37:19,0
