market,link,price,name,date,datetime,stock
torecolo,/shop/g/g041-100-S3-B/,33,【ポケカ】Ｕ◇ゴルー,2022-12-29,2022-12-29 07:26:29,13
