market,link,price,name,date,datetime,stock
torecolo,/shop/g/g048-190-S4A-B/,44,【ポケカ】Ｒ◇モスノ,2022-11-09,2022-11-09 08:32:50,5
