market,link,price,name,date,datetime,stock
hareruya2,https://www.hareruya2.com/product/18210,50,デンチュラ(U){雷,2022-11-16,2022-11-16 07:53:43,0
