market,link,price,name,date,datetime,stock
cardrush,https://www.cardrush-pokemon.jp/product/7322,30,イエッサン038/0,2022-12-10,2022-12-10 06:46:18,0
