market,link,price,name,date,datetime,stock
cardrush,https://www.cardrush-pokemon.jp/product/14274,80,マチスの作戦119/,2022-11-08,2022-11-08 07:43:46,0
cardrush,https://www.cardrush-pokemon.jp/product/30316,70,マチスの作戦119/,2022-11-08,2022-11-08 07:43:46,0
