market,link,price,name,date,datetime,stock
hareruya2,https://www.hareruya2.com/product/18141,50,テブリム(D){超},2022-12-12,2022-12-12 07:42:02,28
