market,link,price,name,date,datetime,stock
cardrush,https://www.cardrush-pokemon.jp/product/6864,80,ダダリンV004/0,2023-01-10,2023-01-10 06:13:49,145
cardrush,https://www.cardrush-pokemon.jp/product/11004,50,ダダリンV004/0,2023-01-10,2023-01-10 06:13:49,0
