market,link,price,name,date,datetime,stock
torecolo,/shop/g/g009-060-S1H-B/,55,【ポケカ】Ｒ◇エース,2022-11-10,2022-11-10 06:25:43,6
