market,link,price,name,date,datetime,stock
torecolo,/shop/g/g009-060-S1H-B/,55,【ポケカ】Ｒ◇エース,2022-12-20,2022-12-20 06:26:14,6
