market,link,price,name,date,datetime,stock
cardrush,https://www.cardrush-pokemon.jp/product/14106,120,オニオン071/07,2022-11-14,2022-11-14 07:57:28,13
cardrush,https://www.cardrush-pokemon.jp/product/30232,110,オニオン071/07,2022-11-14,2022-11-14 07:57:28,0
