market,link,price,name,date,datetime,stock
cardrush,https://www.cardrush-pokemon.jp/product/13323,30,ムクホーク084/1,2022-12-29,2022-12-29 07:32:14,0
