market,link,price,name,date,datetime,stock
hareruya2,https://www.hareruya2.com/product/17785,50,ヌイコグマ(C){無,2022-11-29,2022-11-29 06:55:39,3
