market,link,price,name,date,datetime,stock
cardrush,https://www.cardrush-pokemon.jp/product/6910,30,アオガラス050/0,2022-12-27,2022-12-27 06:20:54,22
