market,link,price,name,date,datetime,stock
torecolo,/shop/g/g017-060-S1H-B/,28,【ポケカ】Ｃ◇チョン,2022-11-30,2022-11-30 06:24:08,35
torecolo,/shop/g/g017-060-SM1M-B/,0,【ポケカ】Ｃ◇チョン,2022-11-30,2022-11-30 06:24:08,0
