market,link,price,name,date,datetime,stock
torecolo,/shop/g/g017-060-SM1M-B/,33,【ポケカ】Ｃ◇チョン,2022-12-18,2022-12-18 06:25:37,0
torecolo,/shop/g/g017-060-S1H-B/,28,【ポケカ】Ｃ◇チョン,2022-12-18,2022-12-18 06:25:37,35
