market,link,price,name,date,datetime,stock
hareruya2,https://www.hareruya2.com/product/17879,50,ヒンバス(C){水},2022-12-04,2022-12-04 07:01:12,26
