market,link,price,name,date,datetime,stock
torecolo,/shop/g/g183-190-S4A-BM/,110,【ポケカ】Ｃ）ミラー,2022-12-18,2022-12-18 08:47:48,5
torecolo,/shop/g/g183-190-S4A-B/,77,【ポケカ】Ｃ）通常仕,2022-12-18,2022-12-18 08:47:48,12
