market,link,price,name,date,datetime,stock
torecolo,/shop/g/g183-190-S4A-BM/,110,【ポケカ】Ｃ）ミラー,2023-01-08,2023-01-08 08:46:24,5
torecolo,/shop/g/g183-190-S4A-B/,77,【ポケカ】Ｃ）通常仕,2023-01-08,2023-01-08 08:46:24,12
