market,link,price,name,date,datetime,stock
torecolo,/shop/g/g125-127-SD-B/,77,【ポケカ】ＳＳ◇格闘,2023-01-02,2023-01-02 07:51:02,4
