market,link,price,name,date,datetime,stock
cardrush,https://www.cardrush-pokemon.jp/product/13249,80,ヘルガーV009/1,2022-12-09,2022-12-09 07:23:21,9
cardrush,https://www.cardrush-pokemon.jp/product/30113,70,ヘルガーV009/1,2022-12-09,2022-12-09 07:23:21,0
