market,link,price,name,date,datetime,stock
hareruya2,https://www.hareruya2.com/product/18651,200,パッチルドン(S){,2022-11-28,2022-11-28 08:54:11,16
