market,link,price,name,date,datetime,stock
torecolo,/shop/g/g224-190-S4A-B/,330,【ポケカ】Ｓ◇メッソ,2022-12-29,2022-12-29 08:48:41,5
