market,link,price,name,date,datetime,stock
hareruya2,https://www.hareruya2.com/product/18078,50,ロコン(D){炎}〈,2022-11-14,2022-11-14 07:32:29,12
