market,link,price,name,date,datetime,stock
cardrush,https://www.cardrush-pokemon.jp/product/7452,120,ランプラー017/0,2022-12-12,2022-12-12 06:52:08,30
cardrush,https://www.cardrush-pokemon.jp/product/29883,110,ランプラー017/0,2022-12-12,2022-12-12 06:52:08,44
