market,link,price,name,date,datetime,stock
hareruya2,https://www.hareruya2.com/product/17818,1500,ツールスクラッパー(,2023-02-22,2023-02-22 07:06:35,1
cardrush,https://www.cardrush-pokemon.jp/product/8453,1180,ツールスクラッパー1,2023-02-22,2023-02-22 07:06:34,28
cardrush,https://www.cardrush-pokemon.jp/product/16283,780,ツールスクラッパー1,2023-02-22,2023-02-22 07:06:34,2
cardrush,https://www.cardrush-pokemon.jp/product/29941,1530,ツールスクラッパー1,2023-02-22,2023-02-22 07:06:34,39
cardrush,https://www.cardrush-pokemon.jp/product/7561,1780,ツールスクラッパー1,2023-02-22,2023-02-22 07:06:34,21
hareruya2,https://www.hareruya2.com/product/17818,1500,ツールスクラッパー(,2023-02-21,2023-02-21 07:07:23,1
cardrush,https://www.cardrush-pokemon.jp/product/7561,1780,ツールスクラッパー1,2023-02-21,2023-02-21 07:07:21,21
cardrush,https://www.cardrush-pokemon.jp/product/8453,1180,ツールスクラッパー1,2023-02-21,2023-02-21 07:07:21,28
cardrush,https://www.cardrush-pokemon.jp/product/29941,1530,ツールスクラッパー1,2023-02-21,2023-02-21 07:07:21,39
cardrush,https://www.cardrush-pokemon.jp/product/16283,780,ツールスクラッパー1,2023-02-21,2023-02-21 07:07:21,2
hareruya2,https://www.hareruya2.com/product/17818,1500,ツールスクラッパー(,2023-02-20,2023-02-20 07:07:08,1
cardrush,https://www.cardrush-pokemon.jp/product/16283,780,ツールスクラッパー1,2023-02-20,2023-02-20 07:07:07,2
cardrush,https://www.cardrush-pokemon.jp/product/29941,1530,ツールスクラッパー1,2023-02-20,2023-02-20 07:07:07,39
cardrush,https://www.cardrush-pokemon.jp/product/7561,1780,ツールスクラッパー1,2023-02-20,2023-02-20 07:07:07,21
cardrush,https://www.cardrush-pokemon.jp/product/8453,1180,ツールスクラッパー1,2023-02-20,2023-02-20 07:07:07,28
torecolo,/shop/g/g115-096-S2-B-K/,1386,キズあり【ポケカ】Ｕ,2023-02-20,2023-02-20 07:07:05,1
hareruya2,https://www.hareruya2.com/product/17818,1500,ツールスクラッパー(,2023-02-19,2023-02-19 07:04:24,1
cardrush,https://www.cardrush-pokemon.jp/product/7561,1780,ツールスクラッパー1,2023-02-19,2023-02-19 07:04:23,21
cardrush,https://www.cardrush-pokemon.jp/product/16283,780,ツールスクラッパー1,2023-02-19,2023-02-19 07:04:23,2
cardrush,https://www.cardrush-pokemon.jp/product/8453,1180,ツールスクラッパー1,2023-02-19,2023-02-19 07:04:23,28
cardrush,https://www.cardrush-pokemon.jp/product/29941,1530,ツールスクラッパー1,2023-02-19,2023-02-19 07:04:23,40
torecolo,/shop/g/g115-096-S2-B-K/,1386,キズあり【ポケカ】Ｕ,2023-02-19,2023-02-19 07:04:21,1
hareruya2,https://www.hareruya2.com/product/17818,1500,ツールスクラッパー(,2023-02-18,2023-02-18 07:12:19,1
cardrush,https://www.cardrush-pokemon.jp/product/16283,780,ツールスクラッパー1,2023-02-18,2023-02-18 07:12:18,2
cardrush,https://www.cardrush-pokemon.jp/product/8453,1180,ツールスクラッパー1,2023-02-18,2023-02-18 07:12:18,28
cardrush,https://www.cardrush-pokemon.jp/product/29941,1530,ツールスクラッパー1,2023-02-18,2023-02-18 07:12:18,40
cardrush,https://www.cardrush-pokemon.jp/product/7561,1780,ツールスクラッパー1,2023-02-18,2023-02-18 07:12:18,21
hareruya2,https://www.hareruya2.com/product/17818,1500,ツールスクラッパー(,2023-02-17,2023-02-17 07:05:33,1
cardrush,https://www.cardrush-pokemon.jp/product/16283,780,ツールスクラッパー1,2023-02-17,2023-02-17 07:05:32,2
cardrush,https://www.cardrush-pokemon.jp/product/7561,1780,ツールスクラッパー1,2023-02-17,2023-02-17 07:05:32,51
cardrush,https://www.cardrush-pokemon.jp/product/8453,1180,ツールスクラッパー1,2023-02-17,2023-02-17 07:05:32,28
cardrush,https://www.cardrush-pokemon.jp/product/29941,1530,ツールスクラッパー1,2023-02-17,2023-02-17 07:05:32,40
hareruya2,https://www.hareruya2.com/product/17818,1500,ツールスクラッパー(,2023-02-16,2023-02-16 07:05:48,1
cardrush,https://www.cardrush-pokemon.jp/product/7561,1780,ツールスクラッパー1,2023-02-16,2023-02-16 07:05:46,49
cardrush,https://www.cardrush-pokemon.jp/product/29941,1530,ツールスクラッパー1,2023-02-16,2023-02-16 07:05:46,40
cardrush,https://www.cardrush-pokemon.jp/product/8453,1180,ツールスクラッパー1,2023-02-16,2023-02-16 07:05:46,28
cardrush,https://www.cardrush-pokemon.jp/product/16283,780,ツールスクラッパー1,2023-02-16,2023-02-16 07:05:46,2
hareruya2,https://www.hareruya2.com/product/17818,1500,ツールスクラッパー(,2023-02-15,2023-02-15 07:06:52,1
cardrush,https://www.cardrush-pokemon.jp/product/29941,1530,ツールスクラッパー1,2023-02-15,2023-02-15 07:06:51,40
cardrush,https://www.cardrush-pokemon.jp/product/7561,1780,ツールスクラッパー1,2023-02-15,2023-02-15 07:06:51,48
cardrush,https://www.cardrush-pokemon.jp/product/8453,1180,ツールスクラッパー1,2023-02-15,2023-02-15 07:06:51,26
cardrush,https://www.cardrush-pokemon.jp/product/16283,780,ツールスクラッパー1,2023-02-15,2023-02-15 07:06:51,2
