market,link,price,name,date,datetime,stock
torecolo,/shop/g/g163-190-S4A-BM/,77,【ポケカ】Ｃ）ミラー,2022-12-01,2022-12-01 08:35:34,4
torecolo,/shop/g/g163-190-S4A-B/,20,【ポケカ】Ｃ）通常仕,2022-12-01,2022-12-01 08:35:34,2
