market,link,price,name,date,datetime,stock
hareruya2,https://www.hareruya2.com/product/17571,1000,モルペコVMAX(H,2022-12-28,2022-12-28 06:31:42,1
