market,link,price,name,date,datetime,stock
torecolo,/shop/g/g057-060-S1H-B/,77,【ポケカ】Ｕ◇しあわ,2022-11-30,2022-11-30 06:30:48,0
