market,link,price,name,date,datetime,stock
hareruya2,https://www.hareruya2.com/product/17559,100,しあわせタマゴ(U),2022-12-07,2022-12-07 06:28:33,26
