market,link,price,name,date,datetime,stock
hareruya2,https://www.hareruya2.com/product/17812,1200,カラマネロVMAX(,2023-01-09,2023-01-09 07:03:04,3
