market,link,price,name,date,datetime,stock
hareruya2,https://www.hareruya2.com/product/17448,100,パルスワン(R){雷,2023-01-09,2023-01-09 06:15:01,11
