market,link,price,name,date,datetime,stock
hareruya2,https://www.hareruya2.com/product/17506,150,ヒメンカ(C){草},2022-11-29,2022-11-29 06:24:48,5
