market,link,price,name,date,datetime,stock
cardrush,https://www.cardrush-pokemon.jp/product/14199,30,ミブリム044/12,2022-12-10,2022-12-10 07:44:49,0
