market,link,price,name,date,datetime,stock
torecolo,/shop/g/g168-190-S4A-BM/,99,【ポケカ】Ｃ）ミラー,2022-12-07,2022-12-07 08:44:46,8
torecolo,/shop/g/g168-190-S4A-B/,3,【ポケカ】Ｃ）通常仕,2022-12-07,2022-12-07 08:44:46,9
