market,link,price,name,date,datetime,stock
hareruya2,https://www.hareruya2.com/product/18732,700,ウッウV(SSR){,2022-12-27,2022-12-27 09:07:52,5
