market,link,price,name,date,datetime,stock
torecolo,/shop/g/g083-100-S3-B/,88,【ポケカ】Ｃ◇ムクバ,2023-01-01,2023-01-01 07:31:50,3
