market,link,price,name,date,datetime,stock
torecolo,/shop/g/g092-127-SD-B/,110,【ポケカ】ＳＳ◇たっ,2022-11-02,2022-11-02 11:22:17,0
