market,link,price,name,date,datetime,stock
torecolo,/shop/g/g233-190-S4A-B/,440,【ポケカ】Ｓ◇モスノ,2023-01-05,2023-01-05 08:54:41,0
