market,link,price,name,date,datetime,stock
magi,/items/1161891787,120,ゴリランダーVMAX,2022-11-26,2022-11-26 08:24:37,1
magi,/items/1534161088,140,【Ｄ特価】ゴリランダ,2022-11-26,2022-11-26 08:24:37,1
