market,link,price,name,date,datetime,stock
cardrush,https://www.cardrush-pokemon.jp/product/7512,30,ドジョッチ054/0,2022-11-11,2022-11-11 06:51:57,62
