market,link,price,name,date,datetime,stock
cardrush,https://www.cardrush-pokemon.jp/product/13140,30,ダグトリオ039/0,2022-12-25,2022-12-25 07:12:38,40
