market,link,price,name,date,datetime,stock
torecolo,/shop/g/g014-070-S1A-B/,33,【ポケカ】Ｃ◇ガーデ,2023-01-10,2023-01-10 06:41:20,10
