market,link,price,name,date,datetime,stock
hareruya2,https://www.hareruya2.com/product/18096,50,ゾウドウ(D){鋼},2022-11-12,2022-11-12 07:41:46,19
