market,link,price,name,date,datetime,stock
torecolo,/shop/g/g009-024-SA-BRM/,55,【ポケカ】ＳＳ）ミラ,2022-12-28,2022-12-28 06:08:56,3
torecolo,/shop/g/g009-024-SA-BR/,14,【ポケカ】ＳＳ）通常,2022-12-28,2022-12-28 06:08:56,5
torecolo,/shop/g/g009-024-SA-BRH/,2,【ポケカ】ＳＳ）Ｒ仕,2022-12-28,2022-12-28 06:08:56,0
