market,link,price,name,date,datetime,stock
hareruya2,https://www.hareruya2.com/product/17105,100,ポケギア3.0:水(,2023-01-09,2023-01-09 06:02:45,14
hareruya2,https://www.hareruya2.com/product/17055,50,ポケギア3.0:炎(,2023-01-09,2023-01-09 06:02:45,0
hareruya2,https://www.hareruya2.com/product/17078,100,ポケギア3.0:ミラ,2023-01-09,2023-01-09 06:02:45,0
hareruya2,https://www.hareruya2.com/product/17128,100,ポケギア3.0:ミラ,2023-01-09,2023-01-09 06:02:45,0
