market,link,price,name,date,datetime,stock
cardrush,https://www.cardrush-pokemon.jp/product/14186,30,モココ031/127,2022-12-29,2022-12-29 07:37:30,0
