market,link,price,name,date,datetime,stock
hareruya2,https://www.hareruya2.com/product/17698,1000,インテレオンVMAX,2022-11-16,2022-11-16 06:44:32,0
