market,link,price,name,date,datetime,stock
hareruya2,https://www.hareruya2.com/product/17501,4500,ふつうのつりざお(U,2022-12-06,2022-12-06 07:33:49,0
