market,link,price,name,date,datetime,stock
torecolo,/shop/g/g028-060-S1H-B/,28,【ポケカ】Ｃ◇サイホ,2022-11-25,2022-11-25 06:24:44,36
