market,link,price,name,date,datetime,stock
torecolo,/shop/g/g085-100-S3-B/,33,【ポケカ】Ｃ◇コアル,2022-12-15,2022-12-15 07:28:30,10
