market,link,price,name,date,datetime,stock
hareruya2,https://www.hareruya2.com/product/18013,50,エアームド(C){鋼,2022-12-23,2022-12-23 07:32:09,9
