market,link,price,name,date,datetime,stock
hareruya2,https://www.hareruya2.com/product/18119,50,ユキノオー(D){草,2022-11-27,2022-11-27 07:31:36,10
