market,link,price,name,date,datetime,stock
hareruya2,https://www.hareruya2.com/product/17206,100,ポケギア3.0:闘(,2022-12-28,2022-12-28 06:11:28,0
hareruya2,https://www.hareruya2.com/product/17230,100,ポケギア3.0:ミラ,2022-12-28,2022-12-28 06:11:28,0
