market,link,price,name,date,datetime,stock
hareruya2,https://www.hareruya2.com/product/17889,200,サーナイトV(RR),2022-11-25,2022-11-25 07:02:00,38
