market,link,price,name,date,datetime,stock
hareruya2,https://www.hareruya2.com/product/17666,50,スカタンク(U){悪,2023-01-02,2023-01-02 06:44:29,9
