market,link,price,name,date,datetime,stock
cardrush,https://www.cardrush-pokemon.jp/product/13326,30,ホシガリス087/1,2022-11-11,2022-11-11 07:28:19,0
