market,link,price,name,date,datetime,stock
cardrush,https://www.cardrush-pokemon.jp/product/6945,80,イエッサンV025/,2022-12-30,2022-12-30 06:25:56,32
cardrush,https://www.cardrush-pokemon.jp/product/29707,70,イエッサンV025/,2022-12-30,2022-12-30 06:25:56,0
