market,link,price,name,date,datetime,stock
torecolo,/shop/g/g214-190-S4A-B/,440,【ポケカ】Ｓ◇ヒバニ,2022-12-17,2022-12-17 08:53:36,0
