market,link,price,name,date,datetime,stock
magi,/items/171245767,400,ヒバニー S 214,2022-11-26,2022-11-26 08:51:35,1
