market,link,price,name,date,datetime,stock
cardrush,https://www.cardrush-pokemon.jp/product/6690,480,チラーミィ010/0,2022-12-18,2022-12-18 06:02:36,6
cardrush,https://www.cardrush-pokemon.jp/product/6732,80,チラーミィ010/0,2022-12-18,2022-12-18 06:02:36,135
cardrush,https://www.cardrush-pokemon.jp/product/29551,380,チラーミィ010/0,2022-12-18,2022-12-18 06:02:36,9
cardrush,https://www.cardrush-pokemon.jp/product/8690,280,チラーミィ010/0,2022-12-18,2022-12-18 06:02:36,1
cardrush,https://www.cardrush-pokemon.jp/product/15515,180,チラーミィ010/0,2022-12-18,2022-12-18 06:02:36,0
cardrush,https://www.cardrush-pokemon.jp/product/9412,50,チラーミィ010/0,2022-12-18,2022-12-18 06:02:36,0
