market,link,price,name,date,datetime,stock
hareruya2,https://www.hareruya2.com/product/17669,100,オーロンゲ(R){悪,2022-11-14,2022-11-14 06:37:48,2
