market,link,price,name,date,datetime,stock
hareruya2,https://www.hareruya2.com/product/17669,100,オーロンゲ(R){悪,2023-01-02,2023-01-02 06:44:46,2
