market,link,price,name,date,datetime,stock
cardrush,https://www.cardrush-pokemon.jp/product/14461,30,ゴーゴート007/1,2022-12-26,2022-12-26 08:11:30,37
