market,link,price,name,date,datetime,stock
torecolo,/shop/g/g047-100-S3-B/,28,【ポケカ】Ｃ◇ヒポポ,2022-12-04,2022-12-04 07:21:01,14
