market,link,price,name,date,datetime,stock
cardrush,https://www.cardrush-pokemon.jp/product/14262,80,エール団のしたっぱ1,2022-12-21,2022-12-21 07:52:22,0
