market,link,price,name,date,datetime,stock
torecolo,/shop/g/g039-190-S4A-B/,33,【ポケカ】Ｃ）通常仕,2022-12-22,2022-12-22 08:34:04,22
torecolo,/shop/g/g039-190-S4A-BM/,33,【ポケカ】Ｃ）ミラー,2022-12-22,2022-12-22 08:34:04,9
