market,link,price,name,date,datetime,stock
cardrush,https://www.cardrush-pokemon.jp/product/17017,50,ヒンバス034/19,2022-12-27,2022-12-27 08:28:36,85
cardrush,https://www.cardrush-pokemon.jp/product/17202,80,ヒンバス034/19,2022-12-27,2022-12-27 08:28:36,114
cardrush,https://www.cardrush-pokemon.jp/product/30674,70,ヒンバス034/19,2022-12-27,2022-12-27 08:28:36,7
