market,link,price,name,date,datetime,stock
hareruya2,https://www.hareruya2.com/product/18440,50,ヒンバス(CP){水,2022-12-21,2022-12-21 08:32:13,27
hareruya2,https://www.hareruya2.com/product/18750,100,ヒンバス:ミラー(C,2022-12-21,2022-12-21 08:32:13,31
