market,link,price,name,date,datetime,stock
magi,/items/290202219,200,ポケモンごっこ【-】,2022-12-18,2022-12-18 07:23:23,1
