market,link,price,name,date,datetime,stock
cardrush,https://www.cardrush-pokemon.jp/product/14216,30,スコルピ061/12,2022-12-04,2022-12-04 07:36:08,1
