market,link,price,name,date,datetime,stock
cardrush,https://www.cardrush-pokemon.jp/product/17012,30,ガラルバリヤード02,2022-12-31,2022-12-31 08:27:01,9
cardrush,https://www.cardrush-pokemon.jp/product/17199,80,ガラルバリヤード02,2022-12-31,2022-12-31 08:27:01,33
