market,link,price,name,date,datetime,stock
torecolo,/shop/g/g003-060-S1W-B/,33,【ポケカ】Ｃ◇マラカ,2022-12-23,2022-12-23 06:13:12,12
