market,link,price,name,date,datetime,stock
torecolo,/shop/g/g003-060-S1W-B/,33,【ポケカ】Ｃ◇マラカ,2023-01-06,2023-01-06 06:14:26,12
