market,link,price,name,date,datetime,stock
torecolo,/shop/g/g297-190-S4A-B/,330,【ポケカ】Ｓ◇ヤレユ,2022-11-20,2022-11-20 09:05:03,3
