market,link,price,name,date,datetime,stock
cardrush,https://www.cardrush-pokemon.jp/product/13145,30,ホルード044/07,2022-11-17,2022-11-17 07:15:39,36
