market,link,price,name,date,datetime,stock
torecolo,/shop/g/g064-076-S3A-B/,55,【ポケカ】Ｕ◇スーパ,2022-12-23,2022-12-23 08:05:23,0
