market,link,price,name,date,datetime,stock
cardrush,https://www.cardrush-pokemon.jp/product/6664,120,オボンのみ019/0,2022-12-20,2022-12-20 06:13:40,17
cardrush,https://www.cardrush-pokemon.jp/product/6799,80,オボンのみ019/0,2022-12-20,2022-12-20 06:13:40,15
cardrush,https://www.cardrush-pokemon.jp/product/29525,110,オボンのみ019/0,2022-12-20,2022-12-20 06:13:40,0
