market,link,price,name,date,datetime,stock
torecolo,/shop/g/g019-024-SA-BRM/,88,【ポケカ】ＳＳ）ミラ,2022-12-02,2022-12-02 06:13:08,3
torecolo,/shop/g/g019-024-SA-BR/,11,【ポケカ】ＳＳ）通常,2022-12-02,2022-12-02 06:13:08,5
