market,link,price,name,date,datetime,stock
cardrush,https://www.cardrush-pokemon.jp/product/17441,380,チラーミィ292/1,2022-11-02,2022-11-02 10:24:07,16
cardrush,https://www.cardrush-pokemon.jp/product/37358,4980,チラーミィ292/1,2022-11-02,2022-11-02 10:24:07,0
cardrush,https://www.cardrush-pokemon.jp/product/17601,180,チラーミィ292/1,2022-11-02,2022-11-02 10:24:07,0
