market,link,price,name,date,datetime,stock
torecolo,/shop/g/g050-190-S4A-B/,77,【ポケカ】Ｒ◇ウオノ,2022-11-01,2022-11-01 09:51:48,11
