market,link,price,name,date,datetime,stock
hareruya2,https://www.hareruya2.com/product/17905,50,ベトベター(C){悪,2022-12-13,2022-12-13 07:07:53,15
