market,link,price,name,date,datetime,stock
magi,/items/1147077215,1079,大きなおまもり(ミラ,2022-11-23,2022-11-23 06:08:54,1
magi,/items/635135342,350,大きなおまもり TD,2022-11-23,2022-11-23 06:08:54,1
