market,link,price,name,date,datetime,stock
torecolo,/shop/g/g032-060-S1H-B/,28,【ポケカ】Ｕ◇サダイ,2022-11-29,2022-11-29 06:27:43,26
