market,link,price,name,date,datetime,stock
hareruya2,https://www.hareruya2.com/product/17463,50,グレッグル(C){悪,2022-12-24,2022-12-24 06:17:16,2
