market,link,price,name,date,datetime,stock
cardrush,https://www.cardrush-pokemon.jp/product/6938,30,ランターン018/0,2022-12-05,2022-12-05 06:24:35,50
