market,link,price,name,date,datetime,stock
cardrush,https://www.cardrush-pokemon.jp/product/7355,680,ゴリランダーV071,2022-11-30,2022-11-30 06:42:02,8
cardrush,https://www.cardrush-pokemon.jp/product/29847,580,ゴリランダーV071,2022-11-30,2022-11-30 06:42:02,7
cardrush,https://www.cardrush-pokemon.jp/product/8816,380,ゴリランダーV071,2022-11-30,2022-11-30 06:42:02,0
cardrush,https://www.cardrush-pokemon.jp/product/15491,280,ゴリランダーV071,2022-11-30,2022-11-30 06:42:02,0
