market,link,price,name,date,datetime,stock
hareruya2,https://www.hareruya2.com/product/18066,50,アーボック(D){悪,2022-11-14,2022-11-14 07:37:21,6
