market,link,price,name,date,datetime,stock
torecolo,/shop/g/g091-100-S3-B/,77,【ポケカ】Ｃ◇めずら,2022-12-29,2022-12-29 07:32:47,2
