market,link,price,name,date,datetime,stock
torecolo,/shop/g/g012-024-SA-BR/,110,【ポケカ】ＳＳ）通常,2022-12-05,2022-12-05 06:11:40,2
torecolo,/shop/g/g012-024-SA-BRM/,110,【ポケカ】ＳＳ）ミラ,2022-12-05,2022-12-05 06:11:40,0
