market,link,price,name,date,datetime,stock
torecolo,/shop/g/g012-024-SA-BR/,77,【ポケカ】ＳＳ）通常,2023-01-07,2023-01-07 06:12:57,2
torecolo,/shop/g/g012-024-SA-BRM/,77,【ポケカ】ＳＳ）ミラ,2023-01-07,2023-01-07 06:12:57,0
