market,link,price,name,date,datetime,stock
cardrush,https://www.cardrush-pokemon.jp/product/17431,380,ベロバー282/19,2022-11-06,2022-11-06 14:07:16,22
cardrush,https://www.cardrush-pokemon.jp/product/30871,330,ベロバー282/19,2022-11-06,2022-11-06 14:07:16,2
cardrush,https://www.cardrush-pokemon.jp/product/17592,180,ベロバー282/19,2022-11-06,2022-11-06 14:07:16,0
