market,link,price,name,date,datetime,stock
cardrush,https://www.cardrush-pokemon.jp/product/14049,80,デンリュウV014/,2022-12-16,2022-12-16 07:54:08,0
cardrush,https://www.cardrush-pokemon.jp/product/30194,70,デンリュウV014/,2022-12-16,2022-12-16 07:54:08,0
