market,link,price,name,date,datetime,stock
torecolo,/shop/g/g054-060-S1H-B/,143,【ポケカ】Ｕ◇メタル,2022-11-18,2022-11-18 06:28:22,2
