market,link,price,name,date,datetime,stock
hareruya2,https://www.hareruya2.com/product/17646,50,デンヂムシ(C){雷,2022-12-31,2022-12-31 06:41:22,4
