market,link,price,name,date,datetime,stock
cardrush,https://www.cardrush-pokemon.jp/product/13296,30,ズルッグ057/10,2022-11-12,2022-11-12 07:24:10,0
